NE03                                    
CRRRR                                   
ATOM:01564:00035
-09, -10, -11, -13, -14, -15, -17, -18, -19, 218,
353, 085, 086, 087, 070, 217, 210, 092, 093, 205,
206, 207, 208, 096, 095, 088, 214, 089, 090, 091,
094, 202, 203, 204, 209
ATOM:01543:00043
-01, -02, -03, -04, -05, -06, -07, -08, -09, -10,
-11, -13, -14, -15, -17, -18, -19, 218, 353, 085,
086, 087, 070, 217, 210, 092, 093, 205, 206, 207,
208, 096, 095, 088, 214, 089, 090, 091, 094, 202,
203, 204, 209
ATOM:01544:00001
001
ATOM:01547:00001                        
001
